d1_AZ <- 0.1688211
d1_PF <- 0.2316992
fold_red_AZ <- 1.483165
fold_red_PF <- 3.211094
ni50 <- 0.1479381
ns50 <- 0.04641247
k <- 3.534442
hl_s <- 91.46787
hl_l <- 547.4619
period_s <- 78.98979
period_l <- 275.1839

